2 0.565585 0.315637 0.0633747 0.161659
2 0.211334 0.579184 0.0866121 0.191032
2 0.460491 0.548506 0.0679586 0.160448
2 0.458553 0.320678 0.0658606 0.157055
2 0.202033 0.33832 0.0883812 0.184795
2 0.557091 0.525873 0.065628 0.205274
2 0.632526 0.780448 0.0649199 0.247804
2 0.461694 0.77316 0.0622204 0.18333
2 0.719921 0.735066 0.0700656 0.174327
2 0.331559 0.800459 0.0669034 0.241579
2 0.547503 0.731654 0.0605536 0.190162
2 0.828832 0.767886 0.0717936 0.232127
2 0.733418 0.473224 0.0717645 0.203866
2 0.643005 0.508613 0.0678755 0.251793
2 0.653837 0.136742 0.0659194 0.181487
2 0.737744 0.493573 0.0857504 0.237677
2 0.203635 0.807196 0.0724628 0.309117
