2 0.395553 0.244663 0.158842 0.0886815
2 0.403668 0.54618 0.184902 0.123404
2 0.122945 0.178179 0.116471 0.0796634
2 0.0732052 0.098768 0.109926 0.0714855
4 0.933172 0.547691 0.120612 0.0977645
6 0.867461 0.627357 0.0194103 0.0567095
6 0.892037 0.638472 0.0186741 0.0665872
2 0.817254 0.448626 0.122072 0.0892649
6 0.808561 0.609195 0.0192875 0.0621374
4 0.81484 0.448958 0.121994 0.088812
6 0.930801 0.725735 0.0228195 0.0737253
6 0.750508 0.905483 0.0226046 0.0673233
6 0.680172 0.880517 0.027019 0.080771
6 0.78674 0.587256 0.0188537 0.0655232
6 0.979443 0.962766 0.0257236 0.072212
6 0.635607 0.551147 0.0215967 0.0614163
6 0.42117 0.820047 0.0233332 0.0756842
6 0.680558 0.554985 0.0194153 0.0567734
6 0.294404 0.814124 0.0262769 0.0784295
6 0.722186 0.584757 0.0198845 0.0590333
2 0.933468 0.547449 0.118057 0.0976422
6 0.224465 0.793612 0.0234509 0.0751076
6 0.98446 0.756576 0.0304392 0.0492439
6 0.381687 0.466567 0.020134 0.0598845
