2 0.498775 0.755842 0.313435 0.269925
2 0.681356 0.537607 0.108804 0.0669055
2 0.248741 0.503105 0.0852732 0.0577154
2 0.354542 0.2822 0.0519732 0.0400651
2 0.775137 0.289538 0.144695 0.0769873
2 0.839873 0.196907 0.0474756 0.0338624
2 0.434344 0.51466 0.0948876 0.0710195
2 0.116015 0.438888 0.0799597 0.0620227
4 0.510161 0.494547 0.0833625 0.0689795
2 0.231902 0.405248 0.0676938 0.0610293
4 0.685515 0.256481 0.0469784 0.0466038
2 0.487616 0.244065 0.0295364 0.0338952
2 0.0105252 0.559923 0.0207051 0.0587632
4 0.6098 0.293866 0.0526436 0.0435876
6 0.401937 0.70298 0.0286647 0.128919
2 0.281915 0.0985666 0.0545653 0.0250054
6 0.566726 0.771895 0.0332039 0.144071
2 0.271446 0.100056 0.0328998 0.0223743
2 0.290964 0.0951902 0.040834 0.0258209
