2 0.760146 0.558577 0.341584 0.435018
2 0.459559 0.212664 0.159383 0.209914
2 0.313018 0.53077 0.298974 0.418101
2 0.504236 0.0367968 0.0819929 0.0729391
2 0.393035 0.0386542 0.0779704 0.0758543
6 0.871441 0.117334 0.0229725 0.0689299
6 0.92146 0.432759 0.0442528 0.153136
6 0.877819 0.117167 0.028727 0.0730409
6 0.196035 0.0881275 0.0279602 0.0862117
6 0.885822 0.37694 0.0500934 0.164891
6 0.969614 0.496413 0.0530662 0.176231
6 0.0669287 0.464915 0.0481384 0.147344
6 0.78905 0.0364337 0.0261059 0.0712122
