10 0.242028 0.253919 0.382805 0.175909
10 0.855991 0.588717 0.199801 0.0810594
10 0.646866 0.266201 0.118362 0.0474994
10 0.793218 0.482507 0.113123 0.0602992
10 0.683916 0.49007 0.172852 0.0731219
10 0.651511 0.401562 0.110332 0.0576158
10 0.55604 0.236904 0.13048 0.0469792
10 0.870885 0.184368 0.140188 0.06001
10 0.534084 0.402326 0.15596 0.0578978
10 0.591657 0.201032 0.106437 0.0458409
10 0.569401 0.195549 0.150002 0.0533133
10 0.460037 0.174714 0.0981267 0.0467685
10 0.53908 0.187156 0.114526 0.0504135
