10 0.92262 0.829767 0.0787125 0.135079
10 0.705237 0.846996 0.0763494 0.138852
10 0.897103 0.112339 0.0786102 0.141668
10 0.0467118 0.749441 0.075545 0.131445
10 0.698541 0.685713 0.0760716 0.135116
10 0.917253 0.674015 0.0759926 0.131122
10 0.264852 0.725846 0.0769803 0.134498
10 0.332422 0.296897 0.109686 0.179786
10 0.420303 0.28077 0.0321622 0.0562081
10 0.748521 0.841004 0.049956 0.0576012
10 0.959548 0.665148 0.0606438 0.0584852
10 0.971819 0.664093 0.0392189 0.0577659
10 0.101705 0.737014 0.0442981 0.0591883
10 0.769646 0.836602 0.0226866 0.0556907
10 0.914991 0.115146 0.115581 0.142011
10 0.758657 0.672006 0.0323156 0.0646435
10 0.976194 0.820712 0.0452339 0.0704557
10 0.982493 0.822229 0.0335111 0.0770792
